f(x) = 5.202503E-7x^7 - 3.325089E-5x^6 + 1.9864528E-4x^5 + 0.030337662x^4 - 0.88965285x^3 + 9.0155945x^2 - 30.859226x + 41.283577
f(4.0) = 13.000587
